 ../wrap_lacdyn.F90:           71
         2713
         2713
 ../wrap_lacdyn.F90:           77
 ../wrap_lacdyn.F90:           86
         2713
         2713
 ../wrap_lacdyn.F90:           91
         2713
         2713
         2713
         2713
         2713
         2713
         2713
         2713
         2713
         2713
         2713
         2713
         2713
         2713
         2713
         2713
         2713
         2713
         2713
         2713
         2713
         2713
         2713
         2713
         2713
         2713
         2713
         2713
         2713
         2713
         2713
         2713
         2713
         2713
         2713
         2713
         2713
         2713
         2713
         2713
         2713
         2713
         2713
         2713
         2713
         2713
         2713
         2713
         2713
         2713
         2713
         2713
         2713
         2713
         2713
         2713
         2713
         2713
         2713
         2713
         2713
         2713
         2713
         2713
